<CoordinateSystem> { Y-Up }

<Comment> { "Pokemon SwSh: d230_c10_ball_loc" }

<Material> sh_dummy01 {
  <Scalar> diffr { 1.0000 }
  <Scalar> diffg { 1.0000 }
  <Scalar> diffb { 1.0000 }
}

<Group> d230_c10_ball_loc {
  <Dart> { 1 }

  <Joint> top1 {
    <Transform> {
      <Matrix4> {
        1.00000000 0.00000000 0.00000000 0.00000000
        0.00000000 1.00000000 0.00000000 0.00000000
        0.00000000 0.00000000 1.00000000 0.00000000
        0.00000000 0.00000000 0.00000000 1.00000000
      }
    }
    <Joint> Origin {
      <Transform> {
        <Matrix4> {
          1.00000000 0.00000000 0.00000000 0.00000000
          0.00000000 1.00000000 0.00000000 0.00000000
          0.00000000 0.00000000 1.00000000 0.00000000
          0.00000000 0.00000000 0.00000000 1.00000000
        }
      }
      <Joint> base01 {
        <Transform> {
          <Matrix4> {
            0.99999690 -0.00003084 -0.00248362 0.00000000
            0.00003350 0.99999940 0.00107354 0.00000000
            0.00248359 -0.00107362 0.99999630 0.00000000
            -3028.19189453 243.48620605 -2499.75390625 1.00000000
          }
        }
        <Joint> base_parentConstraint1 {
          <Transform> {
            <Matrix4> {
              1.00000000 0.00000000 0.00000000 0.00000000
              0.00000000 1.00000000 0.00000000 0.00000000
              0.00000000 0.00000000 1.00000000 0.00000000
              0.00000000 0.00000000 0.00000000 1.00000000
            }
          }
        }
      }
      <Joint> centor01 {
        <Transform> {
          <Matrix4> {
            0.96569502 -0.25313976 0.05790919 0.00000000
            0.25967368 0.93991959 -0.22163196 0.00000000
            0.00167388 0.22906636 0.97340935 0.00000000
            -3028.19189453 256.01089478 -2499.75390625 1.00000000
          }
        }
        <Joint> centor_parentConstraint1 {
          <Transform> {
            <Matrix4> {
              1.00000000 0.00000000 0.00000000 0.00000000
              0.00000000 1.00000000 0.00000000 0.00000000
              0.00000000 0.00000000 1.00000000 0.00000000
              0.00000000 0.00000000 0.00000000 1.00000000
            }
          }
        }
      }
      <Joint> front01 {
        <Transform> {
          <Matrix4> {
            0.96569502 -0.25313976 0.05790919 0.00000000
            0.25967368 0.93991959 -0.22163196 0.00000000
            0.00167388 0.22906636 0.97340935 0.00000000
            -3028.18896484 256.38519287 -2498.16308594 1.00000000
          }
        }
        <Joint> front1_parentConstraint1 {
          <Transform> {
            <Matrix4> {
              1.00000000 0.00000000 0.00000000 0.00000000
              0.00000000 1.00000000 0.00000000 0.00000000
              0.00000000 0.00000000 1.00000000 0.00000000
              0.00000000 0.00000000 0.00000000 1.00000000
            }
          }
        }
      }
      <Joint> up01 {
        <Transform> {
          <Matrix4> {
            0.96569502 -0.25313976 0.05790919 0.00000000
            0.25967368 0.93991959 -0.22163196 0.00000000
            0.00167388 0.22906636 0.97340935 0.00000000
            -3027.73510742 257.66558838 -2500.14404297 1.00000000
          }
        }
        <Joint> up_parentConstraint1 {
          <Transform> {
            <Matrix4> {
              1.00000000 0.00000000 0.00000000 0.00000000
              0.00000000 1.00000000 0.00000000 0.00000000
              0.00000000 0.00000000 1.00000000 0.00000000
              0.00000000 0.00000000 0.00000000 1.00000000
            }
          }
        }
      }
      <Joint> down01 {
        <Transform> {
          <Matrix4> {
            0.96569502 -0.25313976 0.05790919 0.00000000
            0.25967368 0.93991959 -0.22163196 0.00000000
            0.00167388 0.22906636 0.97340935 0.00000000
            -3028.64892578 254.35609436 -2499.36401367 1.00000000
          }
        }
        <Joint> down_parentConstraint1 {
          <Transform> {
            <Matrix4> {
              1.00000000 0.00000000 0.00000000 0.00000000
              0.00000000 1.00000000 0.00000000 0.00000000
              0.00000000 0.00000000 1.00000000 0.00000000
              0.00000000 0.00000000 0.00000000 1.00000000
            }
          }
        }
      }
      <Joint> hinge01 {
        <Transform> {
          <Matrix4> {
            0.96569502 -0.25313976 0.05790919 0.00000000
            0.25967368 0.93991959 -0.22163196 0.00000000
            0.00167388 0.22906636 0.97340935 0.00000000
            -3028.19409180 255.64349365 -2501.31494141 1.00000000
          }
        }
        <Joint> hinge_parentConstraint1 {
          <Transform> {
            <Matrix4> {
              1.00000000 0.00000000 0.00000000 0.00000000
              0.00000000 1.00000000 0.00000000 0.00000000
              0.00000000 0.00000000 1.00000000 0.00000000
              0.00000000 0.00000000 0.00000000 1.00000000
            }
          }
        }
      }
      <Joint> front02 {
        <Transform> {
          <Matrix4> {
            0.96569502 -0.25313976 0.05790919 0.00000000
            0.25967368 0.93991959 -0.22163196 0.00000000
            0.00167388 0.22906636 0.97340935 0.00000000
            -3028.18603516 256.82778931 -2496.28198242 1.00000000
          }
        }
        <Joint> front02_parentConstraint1 {
          <Transform> {
            <Matrix4> {
              1.00000000 0.00000000 0.00000000 0.00000000
              0.00000000 1.00000000 0.00000000 0.00000000
              0.00000000 0.00000000 1.00000000 0.00000000
              0.00000000 0.00000000 0.00000000 1.00000000
            }
          }
        }
      }
      <Joint> centor02 {
        <Transform> {
          <Matrix4> {
            0.96569502 -0.25313976 0.05790919 0.00000000
            0.25967368 0.93991959 -0.22163196 0.00000000
            0.00167388 0.22906636 0.97340935 0.00000000
            -3028.19189453 256.01089478 -2499.75390625 1.00000000
          }
        }
        <Joint> centor02_parentConstraint1 {
          <Transform> {
            <Matrix4> {
              1.00000000 0.00000000 0.00000000 0.00000000
              0.00000000 1.00000000 0.00000000 0.00000000
              0.00000000 0.00000000 1.00000000 0.00000000
              0.00000000 0.00000000 0.00000000 1.00000000
            }
          }
        }
      }
      <Joint> p_dummy01 {
        <Transform> {
          <Matrix4> {
            0.01000000 0.00000000 0.00000000 0.00000000
            0.00000000 0.01000000 0.00000000 0.00000000
            0.00000000 0.00000000 0.01000000 0.00000000
            0.00000000 0.00000000 0.00000000 1.00000000
          }
        }
      }
    }
  }

  <VertexPool> vpool_0 {
    <Vertex> 0 {
      -0.050000 -0.000000 0.050000
      <Normal> { 0.000000 1.000000 0.000000 }
      <UV> { 0.000000 0.000000 }
    }
    <Vertex> 1 {
      0.050000 -0.000000 0.050000
      <Normal> { 0.000000 1.000000 0.000000 }
      <UV> { 1.000000 0.000000 }
    }
    <Vertex> 2 {
      -0.050000 0.000000 -0.050000
      <Normal> { 0.000000 1.000000 0.000000 }
      <UV> { 0.000000 1.000000 }
    }
    <Vertex> 3 {
      0.050000 0.000000 -0.050000
      <Normal> { 0.000000 1.000000 0.000000 }
      <UV> { 1.000000 1.000000 }
    }
  }

  <Polygon> {
    <MRef> { sh_dummy01 }
    <VertexRef> { 0 1 2 <Ref> { vpool_0 } }
  }
  <Polygon> {
    <MRef> { sh_dummy01 }
    <VertexRef> { 2 1 3 <Ref> { vpool_0 } }
  }

}
