<CoordinateSystem> { Y-Up }

<Comment> { "Pokemon SwSh: eg_hokaku_yture_loc" }

<Material> sh_dammy01 {
  <Scalar> diffr { 1.0000 }
  <Scalar> diffg { 1.0000 }
  <Scalar> diffb { 1.0000 }
}

<Group> eg_hokaku_yture_loc {
  <Dart> { 1 }

  <Joint> top1 {
    <Transform> {
      <Matrix4> {
        1.00000000 0.00000000 0.00000000 0.00000000
        0.00000000 1.00000000 0.00000000 0.00000000
        0.00000000 0.00000000 1.00000000 0.00000000
        0.00000000 0.00000000 0.00000000 1.00000000
      }
    }
    <Joint> Origin {
      <Transform> {
        <Matrix4> {
          1.00000000 0.00000000 0.00000000 0.00000000
          0.00000000 1.00000000 0.00000000 0.00000000
          0.00000000 0.00000000 1.00000000 0.00000000
          0.00000000 0.00000000 0.00000000 1.00000000
        }
      }
      <Joint> p_dammy01 {
        <Transform> {
          <Matrix4> {
            0.01000000 0.00000000 0.00000000 0.00000000
            0.00000000 0.01000000 0.00000000 0.00000000
            0.00000000 0.00000000 0.01000000 0.00000000
            0.00000000 0.00000000 0.00000000 1.00000000
          }
        }
      }
      <Joint> base {
        <Transform> {
          <Matrix4> {
            0.96872067 -0.24239111 0.05316797 0.00000000
            0.24815209 0.94700307 -0.20397469 0.00000000
            -0.00090858 0.21078825 0.97753131 0.00000000
            -0.18832110 15.44174957 -2499.70996094 1.00000000
          }
        }
        <Joint> base_parentConstraint1 {
          <Transform> {
            <Matrix4> {
              1.00000000 0.00000000 0.00000000 0.00000000
              0.00000000 1.00000000 0.00000000 0.00000000
              0.00000000 0.00000000 1.00000000 0.00000000
              0.00000000 0.00000000 0.00000000 1.00000000
            }
          }
        }
      }
      <Joint> centor {
        <Transform> {
          <Matrix4> {
            0.96872067 -0.24239111 0.05316797 0.00000000
            0.24815209 0.94700307 -0.20397469 0.00000000
            -0.00090858 0.21078825 0.97753131 0.00000000
            -0.18832110 15.44174957 -2499.70996094 1.00000000
          }
        }
        <Joint> centor_parentConstraint1 {
          <Transform> {
            <Matrix4> {
              1.00000000 0.00000000 0.00000000 0.00000000
              0.00000000 1.00000000 0.00000000 0.00000000
              0.00000000 0.00000000 1.00000000 0.00000000
              0.00000000 0.00000000 0.00000000 1.00000000
            }
          }
        }
      }
      <Joint> up {
        <Transform> {
          <Matrix4> {
            0.96872067 -0.24239111 0.05316797 0.00000000
            0.24815209 0.94700307 -0.20397469 0.00000000
            -0.00090858 0.21078825 0.97753131 0.00000000
            3.62563205 30.00004959 -2502.83007812 1.00000000
          }
        }
        <Joint> up_parentConstraint1 {
          <Transform> {
            <Matrix4> {
              1.00000000 0.00000000 0.00000000 0.00000000
              0.00000000 1.00000000 0.00000000 0.00000000
              0.00000000 0.00000000 1.00000000 0.00000000
              0.00000000 0.00000000 0.00000000 1.00000000
            }
          }
        }
      }
      <Joint> down {
        <Transform> {
          <Matrix4> {
            0.96872067 -0.24239111 0.05316797 0.00000000
            0.24815209 0.94700307 -0.20397469 0.00000000
            -0.00090858 0.21078825 0.97753131 0.00000000
            -4.00230408 0.89015830 -2496.56005859 1.00000000
          }
        }
        <Joint> down_parentConstraint1 {
          <Transform> {
            <Matrix4> {
              1.00000000 0.00000000 0.00000000 0.00000000
              0.00000000 1.00000000 0.00000000 0.00000000
              0.00000000 0.00000000 1.00000000 0.00000000
              0.00000000 0.00000000 0.00000000 1.00000000
            }
          }
        }
      }
      <Joint> front {
        <Transform> {
          <Matrix4> {
            0.96872067 -0.24239111 0.05316797 0.00000000
            0.24815209 0.94700307 -0.20397469 0.00000000
            -0.00090858 0.21078825 0.97753131 0.00000000
            -0.20140471 18.47710037 -2485.63403320 1.00000000
          }
        }
        <Joint> front_parentConstraint1 {
          <Transform> {
            <Matrix4> {
              1.00000000 0.00000000 0.00000000 0.00000000
              0.00000000 1.00000000 0.00000000 0.00000000
              0.00000000 0.00000000 1.00000000 0.00000000
              0.00000000 0.00000000 0.00000000 1.00000000
            }
          }
        }
      }
      <Joint> hinge {
        <Transform> {
          <Matrix4> {
            0.96872067 -0.24239111 0.05316797 0.00000000
            0.24815209 0.94700307 -0.20397469 0.00000000
            -0.00090858 0.21078825 0.97753131 0.00000000
            -0.17541920 12.44855976 -2513.59106445 1.00000000
          }
        }
        <Joint> hinge_parentConstraint1 {
          <Transform> {
            <Matrix4> {
              1.00000000 0.00000000 0.00000000 0.00000000
              0.00000000 1.00000000 0.00000000 0.00000000
              0.00000000 0.00000000 1.00000000 0.00000000
              0.00000000 0.00000000 0.00000000 1.00000000
            }
          }
        }
      }
    }
  }

  <VertexPool> vpool_0 {
    <Vertex> 0 {
      -0.005000 -0.000000 0.005000
      <Normal> { 0.000000 1.000000 0.000000 }
      <UV> { 0.000000 0.000000 }
    }
    <Vertex> 1 {
      0.005000 -0.000000 0.005000
      <Normal> { 0.000000 1.000000 0.000000 }
      <UV> { 1.000000 0.000000 }
    }
    <Vertex> 2 {
      -0.005000 0.000000 -0.005000
      <Normal> { 0.000000 1.000000 0.000000 }
      <UV> { 0.000000 1.000000 }
    }
    <Vertex> 3 {
      0.005000 0.000000 -0.005000
      <Normal> { 0.000000 1.000000 0.000000 }
      <UV> { 1.000000 1.000000 }
    }
  }

  <Polygon> {
    <MRef> { sh_dammy01 }
    <VertexRef> { 0 1 2 <Ref> { vpool_0 } }
  }
  <Polygon> {
    <MRef> { sh_dammy01 }
    <VertexRef> { 2 1 3 <Ref> { vpool_0 } }
  }

}
